0
66.64991743456126,66.89725825949074,0.3,1.6689985789134592
18.4307637911468,54.02617806062288,0.3,4.900951853507779
60.07165627372559,56.455013942865385,0.3,3.1930293654894153
73.49524656619164,39.06599851093708,0.3,3.6634478522698237
98.00688787975191,43.276401197989166,0.3,0.8901309896908917
40.00953469319612,77.62800127938105,0.3,0.9978756014506397
80.05495730591876,88.37636939751425,0.3,4.230076892816208
76.82091369645053,70.541192010745,0.3,0.7422717236488158
35.53485312735106,57.72219939467597,0.3,0.9311482011064586
29.121449065865725,6.846013303685179,0.3,1.2909275828970441
40.09462535051053,14.229514424983977,0.3,3.3337534472582053
51.45050170952698,55.08664631060032,0.3,3.3946983953148044
53.596078523673306,1.0782037370648498,0.3,5.609330587364745
54.71583587048435,83.63150479884824,0.3,4.365575011952446
50.22876284188014,22.52543773054068,0.3,5.715730831688773
92.50192733310644,42.989394381196156,0.3,0.4099804229122732
13.69658468129254,17.035082743761453,0.3,3.4975725006134346
66.246843507509,52.538966588441994,0.3,0.20316586397521105
67.00398000327115,18.46023280552306,0.3,3.4795941916019575
38.15849356407628,5.413741881858523,0.3,0.7058880943061394
80.65132154557402,47.13128762790432,0.3,1.3053841152700374
37.42596244117764,86.1800766603752,0.3,5.603941738886621
92.28336157585986,30.174335891757273,0.3,4.313784068988678
26.891877374418694,32.65124244843307,0.3,5.285324682627091
82.04031841301601,68.96647705873288,0.3,3.5735509899127154
31.08114897769745,31.02668314092017,0.3,5.413356747209529
70.92509329676422,56.912855229977396,0.3,0.0637802597714209
76.00501670027678,79.99036128109924,0.3,5.5419149858481624
51.10431635063771,95.77807827437431,0.3,1.785694997715284
20.59750264247879,54.34695637346384,0.3,4.593313940121667
62.88486401072964,98.55061736554046,0.3,0.10692945226899163
19.611719859237585,27.13966042576797,0.3,4.730367351241593
73.30867407048106,39.33085000375735,0.3,1.5849732842380222
69.45327361444119,79.9506977726131,0.3,5.891393494349017
3.49453426197252,46.513769117891044,0.3,3.1198148092110647
7.345447685982138,70.53352915903082,0.3,5.6356786230666245
70.43224826345381,2.614876824297625,0.3,5.128104860777709
79.10407244755731,96.77318009124578,0.3,1.4687131532599063
48.58223991919711,97.29985132533075,0.3,1.5744478078666535
60.738330847804555,93.26969678201516,0.3,3.494157627144075
78.69196119071852,35.23523766793787,0.3,2.9443893990006855
33.50458640759903,16.548395979319515,0.3,2.985570953863096
51.89454200512031,33.91183681011171,0.3,5.6002793477483825
63.139761560939114,87.30994053489174,0.3,4.918592578848669
6.035915525138817,53.0177838813749,0.3,4.044498881130106
74.99211169441782,90.34999333428865,0.3,2.124615756093698
21.93728242953127,62.57742536208876,0.3,2.3876147777737478
86.0032631828358,34.441683642009224,0.3,4.715093140792136
94.97371629655386,14.657998682429385,0.3,4.881739353379251
13.126707330017785,18.89864929575934,0.3,1.5900195073170085
1.2258093455740697,67.72252997765271,0.3,0.1873999334562554
78.56007806869964,50.49540717790685,0.3,2.4031023746783418
88.0828400590516,98.86465024399166,0.3,3.5824746316843523
68.54257894676459,83.29870374863904,0.3,2.9377937074631424
31.091045322973645,88.73313510595571,0.3,3.533698857973909
68.11273942708253,50.49977509450527,0.3,2.527456762177958
53.39953092545154,65.64668887141828,0.3,5.0356299696316675
69.20226836494994,91.0031116910488,0.3,5.689027529728214
51.06079223934982,83.73709369094001,0.3,2.8766981836541983
6.957658658414843,90.16953987686298,0.3,2.7481899286479203
34.68732929942038,28.955075350812066,0.3,0.9548171443415151
82.66852250806531,74.40070770879858,0.3,3.785641795536517
45.973840935146725,45.37341662897447,0.3,3.6689966287733324
51.68952938206245,86.58443017860291,0.3,2.799083993870491
12.481374722474643,73.91486287137214,0.3,4.581379393514983
83.2851142364631,83.47195805306207,0.3,1.9473685510938392
69.21902507334657,52.86876306893622,0.3,4.760314732749254
44.55951580975257,27.447178928304048,0.3,5.813970852873076
71.12998645168362,48.89611184432241,0.3,1.8166842202093323
4.347596807032524,61.11565698229599,0.3,3.7879302334933382
98.46884339026016,46.59547918440431,0.3,3.7425108809643315
83.35665060172894,64.2931720877617,0.3,1.8146901286196637
16.2126600845765,59.746946559030995,0.3,2.994759110111869
94.78780381364587,39.19364533807335,0.3,0.8256861105075446
39.14782064237067,59.777637300899855,0.3,3.1163141940379067
93.52965310732696,85.70894291867133,0.3,4.412832623492793
67.425972211954,5.185431416617315,0.3,2.6339204487111743
28.622210111316164,93.78031075349833,0.3,4.934163865878617
81.85952143430848,96.50605656972759,0.3,5.862493377685783
3.3076276136533487,79.53130133365246,0.3,5.035980562347159
54.511010705735494,59.39444196264579,0.3,3.451405800611935
68.8116705117361,78.8268647555675,0.3,0.2224179183741897
64.0941675869926,52.71431603407004,0.3,2.908399159031707
17.871602925720662,38.15115512991286,0.3,3.2575904342562922
80.30609654163705,28.217234963423174,0.3,4.27807926564549
17.257805645174052,49.45875985296143,0.3,2.960522696769498
83.13907770274275,68.72097618055219,0.3,2.0674582707303673
73.70470986305173,19.96645539423329,0.3,3.854479446894871
45.452542841340595,92.95532871128506,0.3,2.634735971595671
10.5268300166579,80.22859366390105,0.3,4.027056243990625
34.67777755719257,85.88988945469737,0.3,4.1586208683663894
18.62729618864754,63.51181436219877,0.3,5.380083806863791
9.664104284200471,87.07266002612323,0.3,5.52141276232054
5.53182056580145,98.3456040646212,0.3,3.1289885468752208
63.69802602368561,68.75856025061127,0.3,5.6232662615129145
15.86414041448711,65.94666465443649,0.3,2.8183587364080824
61.91472193168935,43.47485727444191,0.3,0.8921249611331141
6.28254113075461,84.03726674505367,0.3,3.139201175136635
29.132263904787383,18.613177702119884,0.3,4.0751922891067105
42.63547634624445,88.74963998942135,0.3,1.8166366201364244
74.95751752837832,63.35454692566053,0.3,3.329565573826056
20.68742156614662,35.9898782581358,0.3,4.745234268545916
87.04688988086174,36.87907135828931,0.3,6.039192829144277
72.71913750655659,85.36203652578607,0.3,4.627296357112398
73.32397184849482,28.19892996272055,0.3,2.2922544106077667
38.248480919673426,36.44993593191564,0.3,1.8415174068498437
13.336683417162503,79.9389525380693,0.3,3.436674289880216
47.347359476159845,78.6680687837536,0.3,2.6439525984574255
38.048884750328085,31.29540885355241,0.3,5.42017165147054
85.70769010048777,31.30571291561285,0.3,4.137624660465232
59.45324519362127,87.64849147108947,0.3,2.9433415377147627
8.927528445394634,77.26136326093581,0.3,3.7986729627480598
5.450245084826296,37.348361288106815,0.3,4.332799055397191
22.634593074565444,85.76485701604757,0.3,0.6193651505837449
74.36612844041716,83.19353844319588,0.3,3.989148536770259
76.09045511777074,84.07710904200901,0.3,5.650286675390092
51.89385247397322,68.8072213032217,0.3,5.770006514763282
91.32887351205048,4.908306617353285,0.3,2.82804987125635
84.98828569335477,76.03889727551261,0.3,2.4774550071734747
65.40540451929353,24.477985275810443,0.3,5.392937091690911
28.859739192467647,49.11236167289318,0.3,6.246861282116632
88.46630307140454,78.8115390507903,0.3,1.2669547900261282
33.65950690917579,5.404655706698747,0.3,5.62579054027992
88.16017652443992,19.662143449152218,0.3,2.5312526213056152
12.321402955371756,75.46071719890952,0.3,0.955140737442403
53.80196130938332,70.49295147856954,0.3,1.1834260841498672
80.42217503632213,31.46613772599198,0.3,1.6177177573946417
13.616404725666667,48.14421342088359,0.3,4.973863947634551
61.140090212820134,59.98931364968311,0.3,2.457625239374148
83.25132412934265,40.152322538508294,0.3,4.554610799503413
72.52706036556387,81.25887831088882,0.3,4.135692442640264
32.40620541804526,97.37805170854209,0.3,0.6486847704466752
85.6866999329175,38.95213478108864,0.3,3.110970866275964
90.14487886702443,78.29819508344889,0.3,0.6464417538005236
9.558776918118843,55.3540364086842,0.3,0.004417393769924963
13.38285074802617,10.409002522841858,0.3,2.5106304879381844
48.55030076957263,59.77958444073765,0.3,3.7253862843945127
94.96113261054009,4.116756441792524,0.3,0.13953895939321326
85.75557655037245,83.95925759691919,0.3,0.162322216139884
29.323413226108205,77.53857003813384,0.3,4.611370797351865
79.02963587891726,87.86177802677085,0.3,3.182644576341784
5.67126123073339,55.9390089547214,0.3,0.8343226397100423
60.152470511539605,65.67297097248213,0.3,1.3011163946141806
35.99724115286377,82.23061914070806,0.3,4.421405402780452
20.466565308646096,77.94951501265396,0.3,3.879190579256491
54.28672760204024,23.947581031880485,0.3,2.6609341526832084
30.187133523139074,92.69579061573519,0.3,2.308644517570549
90.6839531976615,75.18992959925394,0.3,3.7758547817829387
45.15312354031681,97.98281603456734,0.3,5.998943903051597
91.36359469817563,69.64419532027908,0.3,6.036615379111241
35.01136414970777,41.27308130478863,0.3,2.896823673863051
93.10112914864013,13.986023484728522,0.3,4.633589531997051
3.4497841260292725,91.03837234054389,0.3,5.45751681180751
72.9060327802787,50.387965719271115,0.3,5.534195300058364
82.73254452885485,7.553121279573215,0.3,2.826408938877847
53.97785111019865,3.8956308511522493,0.3,5.38927324644065
46.27652052017788,15.785168619087225,0.3,3.6927033442597397
15.543731658832174,94.29770645734753,0.3,2.2808042863541345
83.4747702501907,26.87825184501253,0.3,4.044908547785013
38.81880731701503,34.02605107836914,0.3,1.889757649266288
64.4302927575377,13.143074981241057,0.3,0.028434248391547488
16.463125895482335,21.900981905323558,0.3,0.15395523181487428
20.140280097597643,91.0868197508718,0.3,4.279688133256494
75.17076270633132,51.46514655759968,0.3,3.573521571656465
74.07832865732203,8.247653538139193,0.3,4.457938838201672
28.632857794653077,79.19565640556397,0.3,1.9575359341433152
29.463312158837738,87.80133234531958,0.3,4.928946437442089
52.63300012719115,24.093203084895123,0.3,3.3497024670872757
15.435098083064199,82.83818160752881,0.3,5.912253078848016
8.23346770758099,22.987924305341235,0.3,2.814604431729445
95.77789630424368,23.428765358658957,0.3,0.8060199230214413
50.802062715222085,75.69468192739497,0.3,5.331327476747963
4.115679099584287,78.41590097535776,0.3,3.4894828999919363
19.025177749351467,1.3160494430241403,0.3,1.0317046945416477
26.74225841791665,71.1581181405675,0.3,3.323333645154542
24.38165668946162,59.386508837930464,0.3,2.2253616697187617
37.28280302622378,88.28955692490956,0.3,1.7468946762631063
73.72270429895187,63.29119803320824,0.3,4.003115288047315
62.66043389283512,47.324566367895194,0.3,2.6078703471128137
25.027139824664058,89.06287783170316,0.3,5.218378386623446
84.2946248051462,38.88343031267449,0.3,5.43288277502665
24.525825746308847,1.133305731687483,0.3,5.7849256577762205
97.7273765635811,13.39538249200375,0.3,4.0914972752414345
49.35708510230058,16.566761490759376,0.3,6.037690412232617
21.743582915199244,70.59436729385268,0.3,4.2918589181587254
1.9910658032789121,27.171488739417,0.3,4.372529371986086
68.00591168414701,18.90299092410664,0.3,1.0965053613038547
16.21983589645334,43.71442854156702,0.3,5.716921455781396
69.62577700138249,61.874788883358136,0.3,0.6718056601482313
42.841129335648574,25.871102792680944,0.3,4.553037051244436
82.4976117075649,27.75156754433525,0.3,4.7057294831052126
7.195541893058123,21.754464076862682,0.3,6.099032011707184
26.8443379178925,12.453873531867288,0.3,1.992979341936815
33.534465934421,66.46750452888418,0.3,5.294868519294174
28.64030691351263,53.41274594638751,0.3,5.178724027795876
73.14645868787457,68.4277668860804,0.3,3.0384648849366345
10.82305232168666,23.499120591478874,0.3,5.202222740875226
2.7363298262474647,21.4699306091547,0.3,2.3811633217252655
39.15321250125847,80.40973838424179,0.3,3.3657867713543377
93.49903718258913,44.12416838179357,0.3,2.0585617543014023
33.90407514228435,9.487678523790876,0.3,2.723575696665669
66.37029171789278,91.96941550475094,0.3,1.191167834433033
32.44194324301968,21.71618330383836,0.3,2.2511467609803977
55.33966165358895,5.738323731282563,0.3,2.0971197236634436
39.92172721947254,60.49169384678598,0.3,4.289787924382141
79.53368624068806,44.04086260144548,0.3,0.2666863453520831
10.845336877506401,39.78302426730112,0.3,5.437488339333528
52.18517648035029,71.4140126866861,0.3,0.05625799616243984
25.768292595508306,71.90348468828036,0.3,0.8694756065262705
78.186551103123,26.183017652344702,0.3,5.235798035379342
77.13410300118156,33.35339260777363,0.3,5.8350909271944
64.35865542320883,33.35759244800108,0.3,2.0731272527480535
30.646300399024952,21.557881933773885,0.3,6.238633970006482
68.79229548578793,93.43090150645281,0.3,3.8439081924488985
32.326437188809976,38.88833398412501,0.3,3.707694190751545
50.37898230732894,5.423040679827215,0.3,1.6561932191246358
42.91155450920442,58.303389313864045,0.3,3.476951447082781
33.68605304085238,32.84022497936458,0.3,5.9118256149430914
36.67438629846492,48.41815150450705,0.3,2.8389693473354862
36.17414755120363,24.912551660969953,0.3,3.994818869190654
88.18306368686115,41.202033520413885,0.3,3.8541415620520527
16.029526064671924,17.31044846457485,0.3,4.202430372313047
35.454028172488414,78.75004418794404,0.3,5.317140036618377
84.39693809861913,68.01477470211931,0.3,3.521023232153228
28.172229908155824,17.214930111420532,0.3,4.944129681317923
58.45054059213624,66.76656907052963,0.3,0.7782018429521763
90.30296272901475,28.03128152634227,0.3,0.2770899099017851
84.83805879175883,38.46762406516945,0.3,2.036147991667706
73.12700265990848,53.023766908692295,0.3,1.7373101961702393
20.50440337524973,98.50749103223156,0.3,6.104999906138158
18.727323976880665,2.7125677737217284,0.3,0.2560207473412412
76.5577034677532,81.93713787555832,0.3,0.5204139917860535
87.24705548622485,30.720012040491078,0.3,4.261629449837189
36.67015863728416,17.624674529973962,0.3,2.7589496701863836
66.8982842111786,83.66627899733128,0.3,2.174528467423918
79.10233071576955,7.311598035027075,0.3,5.3001940714106945
33.95629171608259,69.56147177583537,0.3,6.015498795878804
79.39804505196837,38.7308118647035,0.3,1.945522161301577
49.88829406969176,15.088970344746453,0.3,2.2649583560274187
83.20703461408449,11.024610708437613,0.3,5.475692994350454
97.3039427415421,3.5781859164279455,0.3,3.5609900431339816
63.35744827129692,62.30696214389373,0.3,4.985637089446763
53.20171629215392,7.130678453310095,0.3,6.1761640692473625
83.12976501849204,19.060103437661752,0.3,3.3483569117328775
75.56385831440402,28.10252344032049,0.3,6.1087912284784345
56.598307964158344,71.26799752867149,0.3,0.6961818586069046
38.44581556843842,76.53348194984127,0.3,0.7302636025062037
73.6661361519493,17.828403409097273,0.3,3.731688955900866
73.17491087407747,8.011432502076103,0.3,3.852845724377784
61.67543557845411,69.97026498871054,0.3,4.467102714504379
85.43827249421292,21.723407977190664,0.3,0.40878109657671013
71.49094052561317,29.502214545794942,0.3,0.26560520083056227
39.096224565641094,11.722821846769088,0.3,1.342705810119888
15.903726796526621,42.6696418856046,0.3,3.315294874130751
1.4325118558323708,89.32883080723475,0.3,1.383604568313734
63.560683760686004,87.81145125593036,0.3,4.9552861663785635
88.77664925080106,38.48109424370586,0.3,1.1396450096282151
31.626887364256493,26.360733470459504,0.3,5.204348327932117
66.73971009224329,96.50671353773112,0.3,3.906733385244771
49.47959727650788,97.33016934809858,0.3,0.1880988072392484
86.72317849000265,66.25601919646645,0.3,0.43961185748990034
95.54595990018578,59.956427276652306,0.3,2.0153740655424563
81.84968203734779,28.38398767040039,0.3,3.4996941160159256
6.667747627237907,67.42138165145458,0.3,1.8119693566046304
78.46964740820661,17.441741055634836,0.3,1.5199259069816404
15.570979259068999,48.267565470438846,0.3,5.969629111542142
19.437046988034915,82.87058774747592,0.3,0.7945398656247886
46.86375985296562,83.53909584757163,0.3,5.905407152769372
52.257681453280924,10.15396301424716,0.3,2.707133443780047
46.79028030779635,69.860697560071,0.3,2.19799110415415
58.796132220658976,85.7589390931693,0.3,4.461564796218658
35.230810296357205,10.631183488999051,0.3,5.7052965115001095
60.16538312939935,69.60624932584996,0.3,5.424272798479485
93.57054185500255,95.94630273077975,0.3,3.4788121456805507
84.50042405247044,26.947164856473186,0.3,2.3249806874997536
10.357248847821937,73.91987857827247,0.3,4.334261802693742
12.694088259629895,36.226842387355994,0.3,5.609550745598265
60.16363727669158,32.15596990271361,0.3,2.975135035812998
31.95458834282978,82.61428486708438,0.3,1.9411665471877655
28.070778763275598,97.30488180653299,0.3,2.9094520478311945
81.78988413803742,97.42375822350456,0.3,3.012728915522196
36.2846205069348,75.30857206184395,0.3,5.109503670869319
53.38993588596021,5.359652116801968,0.3,4.1074446400919475
10.347699715334706,37.156542280540975,0.3,0.6342946429859861
36.270119927977795,6.706289534810289,0.3,3.59829160691814
81.37747617734973,73.92604844430566,0.3,0.9600781275040443
57.61850098325738,59.19833295994442,0.3,4.368170037744851
85.53985835807816,67.39636689627625,0.3,1.9841908615303094
43.82937838031328,58.90942711599164,0.3,2.3526632895747177
41.324394651429365,1.5143700880099609,0.3,1.3480155805360405
21.4532475463502,30.497951694685,0.3,1.5421561936350952
98.30448223625847,49.77182403552091,0.3,4.170403842517135
24.168582376591853,48.13040554313369,0.3,0.130881247044772
22.49059269716602,51.18159407070146,0.3,4.429731376818111
32.39106177509855,34.47439008235682,0.3,4.9342408798181046
92.40263266144497,2.25453112042792,0.3,6.083973805838174
23.23146296406607,50.19825026690803,0.3,0.22246360029827242
93.77258519490228,93.66438728058037,0.3,4.7669774087576
19.628285058498918,63.48055720777323,0.3,3.9137398947103144
33.76518669498443,71.56180966203111,0.3,6.24266341027694
46.02821388986865,92.01154654503745,0.3,2.091182261476687
55.63385975741819,55.01790292811262,0.3,6.224332423286352
32.352985242955334,22.498532233449296,0.3,3.1617131155368132
28.449704025917125,33.290134946379666,0.3,3.029967357183768
91.92012770013011,83.85310534726726,0.3,5.7292189196044845
37.04174729894934,98.35873880008707,0.3,2.616021498614661
61.31697862884759,91.92513845144731,0.3,3.5869535086874915
6.504323798344091,93.89980336074927,0.3,0.9065295973611803
85.89454678128502,13.499534964151687,0.3,2.193498378075081
57.52630704659569,61.4933063399761,0.3,4.642292907901478
50.38752019364782,97.92297007759629,0.3,2.817444281146761
69.11246761776225,38.64138648619653,0.3,0.481935701777647
86.10016445859192,24.611440494959083,0.3,5.205642124166388
21.60082776902385,80.97932673524404,0.3,4.543834364192989
96.3778627684443,80.1937825544131,0.3,5.121254558411573
83.89654829852455,74.98155431645435,0.3,4.681166405417268
28.18443688328498,19.49860968338574,0.3,4.704707845017862
3.0081285440691294,39.51040603836932,0.3,2.756035030843428
29.733611079203147,77.54181809746387,0.3,0.4376324080523223
78.44242169151704,91.55522294296004,0.3,2.7876245712400465
10.927117397056474,50.96674730952682,0.3,2.504297618017544
3.924978400756373,74.94075134996847,0.3,0.9578916228721638
12.460894028559881,13.452554035195966,0.3,1.211221949589894
91.03911040468631,94.82734630973877,0.3,6.177874238940727
4.5136629362318885,6.414943026592021,0.3,3.797266851682125
93.8329198703217,18.885094744580435,0.3,5.63054032715212
21.943475221618847,55.898643406238136,0.3,3.3865428139350433
56.781763235901664,42.051615502583026,0.3,1.55866380572698
52.89040133707596,2.498329012665174,0.3,5.825717315711405
11.765254423277748,67.1358835194281,0.3,0.5019490155965484
6.543367965496078,57.369801739836376,0.3,3.5831946130334282
41.10500386277807,76.23950558581369,0.3,2.6930766912765933
2.7926405541146604,41.24772805254324,0.3,0.2748911954289586
13.898770278129238,66.931650143856,0.3,0.9384189393921043
60.137634427451985,82.2183073380326,0.3,1.3595796944725473
46.04477443261856,2.403662059976294,0.3,1.736224772050601
88.82291738681211,40.439284092373796,0.3,3.042719387871073
95.15536205808148,22.678464660091926,0.3,0.21089327551934964
12.484559942013362,82.33142208720382,0.3,2.55845750235306
25.353233868194852,19.1524644046177,0.3,4.698550623923454
67.94961862475073,62.527266864829215,0.3,5.380394036549309
15.367767553223171,33.14099818642125,0.3,2.6318342930366505
30.92273699022675,64.30055054681583,0.3,0.06776181149032272
69.66404588345371,10.429125374917263,0.3,0.46477051459663254
55.44398071450641,26.592123825254706,0.3,4.169315197345608
63.68045084778059,66.6408993279148,0.3,5.592130814273778
33.95044232215461,56.33140365949516,0.3,4.268121050122195
42.523986321258505,14.98805078782224,0.3,5.953328726530285
58.196533523855265,25.83052649076396,0.3,4.360257147535489
69.2669920683318,31.48574344654933,0.3,6.223516835360549
66.52778704782267,15.217562235837843,0.3,4.211090134946193
35.06068328312874,65.03736415857763,0.3,2.80767245723079
2.1296130927643575,72.75535081140751,0.3,1.4037166281119575
84.62431275119215,1.42495260407776,0.3,5.310238171879219
24.159228514629504,61.48832059135819,0.3,2.1436307267848185
76.91345873142282,39.05201436821789,0.3,0.1870151092648203
44.20360278673271,23.294862147743792,0.3,3.1842860902974772
47.46865691421912,58.17886889098914,0.3,0.47156170977812606
16.33984517048205,11.900443125928712,0.3,6.153367389201521
32.21004738482134,53.36394465603191,0.3,5.987857755119888
41.215858504572864,57.35266518430905,0.3,0.07153606020346194
89.82104796298978,36.84196147730007,0.3,5.66525589685672
83.59227279961418,66.65372187918193,0.3,4.96140823801602
37.85895702528219,89.62152537353658,0.3,1.8383224021171123
17.345878654356945,87.9434083780554,0.3,6.242283493338128
56.97224063566434,28.763765787953314,0.3,2.5113482586410387
9.818524188403902,17.416682857833784,0.3,5.396523324749457
83.01527992092382,75.78929876249767,0.3,2.8783222244115403
18.003637412634326,68.00249277265733,0.3,5.055126615541251
79.02991637737036,11.99498679256306,0.3,3.5464867015439805
86.91284587097564,33.54050583305823,0.3,0.9072380010315723
6.2340689160056915,89.29283285467808,0.3,5.019702233066223
21.429487721973558,24.964775249671113,0.3,2.578073138193254
54.304930122807804,81.24037247777746,0.3,2.2005949866393006
59.97224247399512,65.6412157255292,0.3,6.1827269619094025
16.457567873164628,77.2170591958844,0.3,5.367199294084426
83.10544293435049,30.80117977230201,0.3,3.52321543274058
13.642416637528129,28.47379049321097,0.3,5.80999765409076
35.71866163057305,97.50455644540132,0.3,5.256929752449487
9.265620359295138,7.868819151209919,0.3,3.733705588818347
52.118733447518224,51.908053603779315,0.3,4.69668962583652
97.69296411103228,17.16632870722699,0.3,1.8245634164093987
86.12243499787174,33.41209363762152,0.3,5.867370665306522
48.918164504772214,70.52131472396819,0.3,1.1528794529678816
57.50526055194575,84.26096735373386,0.3,5.080640964925565
66.69728473106325,68.38103917453203,0.3,5.187354063132615
3.907951966290013,48.21896990509755,0.3,0.6242015488038491
40.66219165331887,33.81058614126039,0.3,2.4808641247738388
5.935383273222999,91.20406192693069,0.3,4.379912950786574
74.28571519496273,69.34533264707635,0.3,1.7646817995428368
42.52644816524529,60.94362754383595,0.3,3.5927500982349665
69.1859045186687,76.46768695850385,0.3,0.6710407885953172
57.62929586279733,81.61974730423417,0.3,4.395321803880225
15.889703682264699,64.28521733928585,0.3,4.763440701638109
81.30145246839857,48.12575637609274,0.3,4.094589800025466
44.53952437845937,6.68407096858359,0.3,4.305675151221366
8.924484223138041,22.868032390454808,0.3,2.6429258878579653
77.41122634598283,74.63174105628566,0.3,4.846607100692134
24.34958734053553,44.16162273054087,0.3,6.22169610419237
50.83348465837041,63.02507448584792,0.3,2.6900693115447916
43.01419794445896,15.236611178566358,0.3,2.3020481293393282
98.93528046234279,93.55757069249181,0.3,5.469135886079745
58.02859905337132,57.872174765362374,0.3,1.8088294921615533
75.30015354831812,96.82347902028796,0.3,5.876755193094125
79.94349902389806,24.752733222718717,0.3,0.16959242683598375
1.7438579800511333,58.09905937925941,0.3,2.4801076426190614
43.09917084093269,74.60905774175001,0.3,0.4701180117693794
65.50100957855217,7.895335916314444,0.3,3.3040486299777094
88.91114671253911,95.35221324445376,0.3,1.2218395914010756
18.9050894457513,20.45161114136146,0.3,1.1539408138451879
74.36372466918625,64.64998208378282,0.3,0.233645564183971
81.54422014857003,15.373523585006964,0.3,4.861586946589402
13.685996472497154,61.01220907462714,0.3,0.8227794047056348
31.285421009209987,42.55184134808599,0.3,5.0092044703356
61.4950967608792,6.693141640380523,0.3,3.0885577305842067
76.9301146998134,65.21142350365592,0.3,3.456425880437756
39.066358364556784,49.54861296156636,0.3,1.4086256039988738
21.016009494868364,42.269476929793115,0.3,0.9380664352390058
49.89567007885613,29.722831820208206,0.3,1.5205488001263183
67.25211957262337,89.45871367865387,0.3,2.479003575746107
81.74538900281465,30.249076493886133,0.3,5.6102344130148945
60.47376819005951,97.89128834004863,0.3,1.5425454346781082
74.60722135905444,71.6149203725545,0.3,1.4734532897726937
16.607120939065094,12.75937374357417,0.3,3.7818583821198435
98.71387328511692,21.631168191185385,0.3,1.4224424335868697
94.07652331739735,42.57230787964302,0.3,2.3138131871825456
17.700935773960804,81.40539971937315,0.3,1.21339505121228
26.41611875232933,30.373951501745847,0.3,0.506644153088712
39.24241867878883,45.85465489530731,0.3,1.3531762739839837
40.50670548100225,1.606108378952769,0.3,5.60156304554656
18.225708555505705,13.849709572696268,0.3,3.1135238537164094
17.31259613520326,82.37632387134573,0.3,0.7327403492880985
24.121505890422387,74.88550565408167,0.3,6.027196390989109
23.294471946175364,68.96390679625438,0.3,4.821775063586857
93.12641216771964,59.678873494665446,0.3,4.885584853659709
83.9891504785762,43.55937280209822,0.3,0.07873891800449316
46.95404791899442,93.72585140636501,0.3,1.8860296010869462
80.3860683791568,44.74014560875672,0.3,2.5594250404386685
86.64444153273793,7.042363083627856,0.3,4.580111287902798
71.8977988956276,38.630785805752694,0.3,3.8121436876155377
56.99539012472298,1.0887931720204056,0.3,3.565662418316905
54.82891690688503,81.80101531827988,0.3,2.3534695337621914
92.74190349265888,96.58229335095564,0.3,4.420889552970583
6.311244888410211,4.082637240007513,0.3,2.656402185095249
83.9849175103004,54.58487706993615,0.3,3.1873802839115157
14.454323416368162,85.49318166345405,0.3,1.181315989188505
67.358800803722,92.23928169220325,0.3,1.0819946529606141
8.867290563147439,80.24449238476619,0.3,5.0827463836589235
34.02735556244978,62.41036515496149,0.3,3.051795037735386
93.60726504100165,67.30753264752992,0.3,0.9829156505848549
12.334129448697754,48.076598274936934,0.3,2.584159334780137
91.38495074871979,21.003262419167783,0.3,5.650637600672533
34.807517334016055,30.728236241428846,0.3,2.556577345577745
62.25783389750062,10.965709689906022,0.3,2.4033080571301033
96.43535918886384,97.77681867204245,0.3,4.873990140111794
22.402373394151468,16.13634277205268,0.3,3.0348368943244526
98.51907405093772,4.234701455583358,0.3,4.739357755822834
87.74316787195716,67.71373618336521,0.3,4.217118606675927
91.44282033207972,73.25108959593682,0.3,1.3020037763179206
39.46324951851604,28.90659723979477,0.3,4.633003116027952
41.357151550901364,13.682879946881306,0.3,2.7795330308054775
73.90342771288843,24.157549727853002,0.3,4.6367181966676165
63.47928287779235,87.83166946096475,0.3,0.7131573504029296
22.719682988665188,66.88704171233235,0.3,6.113083327578106
93.39966199405438,80.99665482090604,0.3,1.5442491754005658
12.80057293417582,9.685224144542646,0.3,3.484338015795249
65.94226304492429,5.502307713912298,0.3,3.062682193664623
63.36148843787561,64.87934356027527,0.3,6.102780067741289
8.28657715815006,15.156614982978017,0.3,4.8695497454967995
28.03251951589746,29.74584688317453,0.3,2.6149367320012993
92.49250059147785,80.27037402572313,0.3,3.1028799135572087
82.74043456381455,10.350611767675145,0.3,1.171196232087903
8.84573747099693,46.35044475135866,0.3,1.4801312107886564
68.94365861589324,7.793766869518528,0.3,2.615428022627282
84.6386303513895,14.52231921115965,0.3,3.3260470701295892
77.11154600273466,26.81504918598201,0.3,2.6662694506642715
11.278952936853685,85.12860503823242,0.3,6.088465936932608
23.896410689855966,46.23795055584815,0.3,3.19889165324107
91.77371091204273,58.775079242655025,0.3,1.1840850865028572
2.924090135826033,30.649108642448812,0.3,1.2852253816631625
98.51402537281442,60.58490289008402,0.3,2.1162631048101703
24.558394594141348,68.2858989962645,0.3,4.88980429236545
43.1656757206736,58.57376955575447,0.3,3.439184904979275
96.13428722652354,32.807351786174266,0.3,1.5189469525482495
37.27051649515946,66.86230213645709,0.3,2.998155335204924
36.75566311884455,9.328872246153741,0.3,0.1001032433987494
90.8433372517776,88.1813250741798,0.3,5.262158589050833
92.37785483661766,55.100331713352006,0.3,3.2229909003461907
12.59395299968665,95.87419936488331,0.3,1.9984089273272667
56.174735846599866,22.055376349893557,0.3,2.369911969020089
27.945816029488032,72.59427530694927,0.3,3.2499218979488926
51.7788509728862,1.9864471077200634,0.3,0.6921870972663593
97.27232860358725,86.88362447907963,0.3,1.06366474532001
22.820416385755085,71.19056084448916,0.3,2.700881586536787
34.61718838923528,42.332964780251636,0.3,3.9819890495016943
65.34628194856906,64.6214175770807,0.3,0.7158335373366551
52.811422980471285,55.98152653452971,0.3,1.5045797629881206
27.66480649395055,85.69873951944595,0.3,4.816843615257532
67.84437176280638,23.40882854464546,0.3,1.6174393699248364
8.120915496509106,89.93806522986354,0.3,5.607849585246107
49.306388610429124,31.01094711159557,0.3,5.659238484404677
21.755317302383833,49.609991871067784,0.3,2.702163366729765
40.62356166484455,96.38337660920187,0.3,3.1065938178577643
26.818256229505614,59.39817977535619,0.3,3.7386389737853922
37.790349090904336,90.44571026480372,0.3,0.9409280255147902
79.94288265192725,11.116109586596721,0.3,1.8878852337644803
23.587105734146263,46.53475355089954,0.3,5.394958224249405
92.87222312118689,21.128167524102132,0.3,5.052157902934518
94.42937893044392,26.090006299426182,0.3,0.18132781641137305
57.154206785636305,68.86315212294508,0.3,4.16846010703154
40.65875209726659,58.45305753400364,0.3,2.3936300681847786
88.66044687320912,49.4294965629586,0.3,6.174899689008782
62.77363350351795,9.485893095186073,0.3,3.81469310894914
85.0230417507362,2.7555999068865606,0.3,5.764811233973603
58.06498145293512,95.26432124817516,0.3,3.83821722354571
55.31236305198769,59.53582028669816,0.3,3.344204546944416
80.0717853322295,10.142628717426783,0.3,5.820201651607456
55.19682428673361,43.89935329072251,0.3,4.454277290779358
50.07716137864692,97.40210227568859,0.3,6.199088409109914
92.19070671603043,62.58259669003547,0.3,2.728546607460234
93.82530061014609,4.730341232669005,0.3,1.872213381867392
19.16943567283107,14.97472209086108,0.3,5.555683723739761
69.29917365897663,24.007736671117364,0.3,3.090347083136878
58.33014572103958,69.91735328002298,0.3,1.1188378628269458
37.853554083943465,92.43877870339931,0.3,0.8683109022848858
22.333866365407804,53.425630784842035,0.3,0.2858872456342439
18.568616460919895,26.685809090788965,0.3,2.3597850212808305
95.38349898604972,90.00013295651593,0.3,0.8172133696405088
64.4036622165136,58.23177284114256,0.3,5.523448080266701
61.02164796871782,56.034049491535804,0.3,1.3276830507085182
42.412269094180964,18.93987324211907,0.3,1.87536589313856
63.220741077886366,54.5177306990013,0.3,2.67758463431082
45.073505794048216,11.691924515234854,0.3,4.847928538616483
2.9766014802965834,8.250120450963646,0.3,0.881969597501678
7.242716941450751,33.92748313721003,0.3,3.3945364316739233
13.353186370615795,37.62856663892491,0.3,1.439851107082378
43.179396089530684,31.181199380002543,0.3,4.875726612601616
9.029984219329963,32.59558922574996,0.3,4.324004845024968
31.740251150398265,51.03552812058977,0.3,1.8055327593479493
2.015720462894522,35.65174735541982,0.3,6.098088480502616
72.48890822552727,43.54251560300696,0.3,2.1817140642688266
60.877413695011,96.41411265761363,0.3,0.39124077305701727
10.158157464127308,81.3447318134928,0.3,5.304655285779365
33.356853816103836,3.084065518996045,0.3,5.668349699168009
91.04962211966792,2.004717858420375,0.3,5.038858705939986
32.40905787262427,50.86517745270868,0.3,2.7081224554838474
53.65409625906601,60.462906566340195,0.3,6.196098558971234
33.64864307983335,16.29170956211336,0.3,1.8943485319798932
83.11409715211383,30.147766763506954,0.3,2.5369818588474535
61.52756326176613,90.60857815349918,0.3,2.9917547941426057
17.332079062012085,44.9096474531241,0.3,3.3517649804027707
52.08865362579123,77.81228697972935,0.3,4.926295253640383
96.34261450872536,14.84642318583791,0.3,4.267140652691969
59.15711813490377,5.354902625898045,0.3,5.51678364722872
75.19819770847032,98.76684525560884,0.3,1.2067561761400638
36.34064143805176,87.72137558173704,0.3,1.636931008067367
62.18472098250017,45.01897012511023,0.3,5.914026983942761
60.68372596945797,65.56668309707152,0.3,0.004031192533330449
87.98585110859814,72.4283234614551,0.3,3.2921887769371354
55.91185204371816,20.606414487101606,0.3,0.007733116133407313
78.4065475024728,53.102462937063564,0.3,0.34617336386181413
55.46303949599184,64.06939860825358,0.3,3.5573135453377045
77.62213852160829,10.791679130641995,0.3,4.88228274117116
91.9202743458151,45.15357596392132,0.3,3.678023433875954
49.058638027811924,70.87254496717443,0.3,1.4360270417843826
16.20661091881869,32.61678912890937,0.3,3.596840981506229
67.43886627616871,73.09418959372513,0.3,5.769199712709917
21.497378376591506,57.87348013359207,0.3,4.870334563319747
27.419619787394073,70.27849446455022,0.3,3.579174083701778
5.337189619469794,78.74339171282425,0.3,4.921112222408338
35.60789024795423,96.74497014205551,0.3,2.523144954533877
72.53270246379209,7.394966529019586,0.3,3.2523733230538157
91.30278230065117,11.15111119703064,0.3,5.705085347503547
52.29836573348693,37.252124452830586,0.3,4.617492183265813
35.68777147849013,27.18354848128095,0.3,3.5829114460472695
66.38668503501779,24.254962226626233,0.3,4.568992179022476
19.7313012072146,40.31012902405956,0.3,5.490206168066571
91.10697830587915,52.73398238192133,0.3,6.200744752037685
19.38090078251816,69.74079614810358,0.3,6.2766229990780475
21.176213893129813,92.03326789906585,0.3,2.4527810977335336
40.768793174102335,76.30873011648245,0.3,3.776472376569903
7.97911003605401,83.33835916858777,0.3,6.117352671466176
87.43000530343109,87.20169734762554,0.3,4.148076523711888
96.22310953980129,82.95737710740978,0.3,3.941316459562993
44.70315317289402,30.665906636215166,0.3,1.3946209125394198
4.0908254473867425,67.60733957275045,0.3,4.658779986043361
43.92872330478401,77.28815976665364,0.3,0.9667419712774734
57.80209320777963,59.5700929809047,0.3,5.688622816391312
71.13116132979465,13.281750040793241,0.3,1.0451577666457
95.22221158351118,61.07019703058777,0.3,0.20725883322884694
76.58790775850626,22.355409213645263,0.3,4.704976781192795
39.742754923943394,54.59412233026507,0.3,3.2001465250872587
70.32821077491505,16.415311936659084,0.3,3.4843947985979034
90.71382735483563,25.62711109339094,0.3,1.9375484151024602
38.10232587841677,68.30990392688494,0.3,4.736929124558022
75.27890441502744,4.8794715863813884,0.3,1.7128113470965134
52.46322611319259,85.81595067321952,0.3,5.348430161236846
47.26547290215065,50.95285653036677,0.3,1.5150682990855624
28.03064947949415,4.817027310521653,0.3,0.9129387904899612
20.082852746449333,11.612980131063042,0.3,6.0244206311036255
50.741733280053836,55.93163454885476,0.3,3.135136377511955
45.29248870295619,74.67857963742954,0.3,4.588836264889246
81.37929629473213,46.785346627970476,0.3,1.552625695856252
98.22319590148803,63.789645119570366,0.3,1.9628126747612737
41.72550445198377,64.58974390146753,0.3,2.2823183310825153
45.51599812308524,29.17664845341091,0.3,6.242952289409668
14.972645965621854,91.5180612072393,0.3,4.765711096117229
27.124573671458304,6.66298290777384,0.3,5.5471326964739545
33.90242468467552,8.042502433222612,0.3,1.4966428680120625
30.434934505068735,22.304152895993028,0.3,2.122237760759172
53.4528113953925,96.08954090777685,0.3,3.0169014866609523
27.756940832429457,1.8369291966819932,0.3,3.8110819507732256
6.527865145800829,94.16985694071612,0.3,4.108173917584475
21.86129733487308,37.31528586758569,0.3,3.8148208398770094
19.252024745735564,46.29657573656637,0.3,5.934765870136098
18.50907617548011,54.880785783692275,0.3,5.099761720155827
6.08245923815699,87.39322529912073,0.3,3.7874604158710024
61.28287295361938,83.94846401421458,0.3,4.583087611512361
39.3580049039929,54.1765268574989,0.3,0.34777824468385315
1.9651400501953724,61.551722695996425,0.3,2.338162593441056
5.832359594415699,77.42865128847944,0.3,0.8009455221964341
10.142924230517007,85.51056537018377,0.3,3.3861231098115327
97.40022966660297,44.01888344956415,0.3,4.271367560477485
17.204564188175105,82.23893437470946,0.3,3.9017461982982287
62.055264552202814,27.669082589792925,0.3,0.8513352688789451
13.911999222364917,24.372649496636473,0.3,2.4872700112046906
92.80772882172954,37.58593739806229,0.3,4.505433211222519
75.36559397442944,1.8945063408882534,0.3,1.840066410893354
86.60164496810425,2.193736949799938,0.3,5.015133579715148
46.55308691573506,87.62170818779572,0.3,4.08038478309864
9.649963068350345,44.019287574642235,0.3,2.2020482041065295
50.649313774885286,45.591237492199454,0.3,6.138476288567917
49.74436727075195,48.072377854709345,0.3,3.2612324089795037
73.3007512096803,25.13369625125799,0.3,4.6468149602870845
58.391316049528676,91.2419874355785,0.3,3.177387723821584
61.282015607414785,12.179903095448546,0.3,3.454734849449399
16.95774304441195,49.64927695559215,0.3,1.5687452140378486
81.97285220010511,83.25046889968868,0.3,0.8888342810108464
49.85190910394617,63.09207433262875,0.3,0.16019491282841383
40.50334299984744,14.632568690572038,0.3,1.1056092586465869
45.24000427234222,66.23182436258973,0.3,5.962829223352784
15.057818688618463,91.99955806555654,0.3,3.451483059052972
19.164238908516136,45.76401683171438,0.3,0.3478702455640341
73.08178603147994,8.534252760591997,0.3,3.5080171766314825
26.494780582017164,25.8239880911625,0.3,4.532353225218488
8.842319277307759,53.9303564122079,0.3,5.2176867634099295
76.13338067297296,70.86935150830669,0.3,2.738521982336011
95.68759576678795,23.789247368243004,0.3,1.5775242375585348
72.6932004373756,97.82520415349614,0.3,3.839828545580963
21.93021867134748,13.337518126129774,0.3,2.7100182469400607
78.93931102723288,7.069927799924348,0.3,5.056903173392965
53.301619579486605,58.61231497344834,0.3,2.926959384465429
20.203047019423394,65.41022639810559,0.3,0.7862417440712107
13.770733410715584,2.6626069977139144,0.3,0.6877349087319385
79.37815748900945,49.59821749494133,0.3,5.837447127839356
38.42397443945617,2.0838338620516446,0.3,4.905177756966836
35.081581146401334,44.41313271538888,0.3,2.7825430473576054
18.948390298650814,62.962453376205964,0.3,2.278242744900933
12.981755230034327,46.48906780748121,0.3,5.242233483902575
56.58142251188531,57.08141897036149,0.3,2.3794962121371226
77.3917253233613,87.87343764684695,0.3,2.8479585744741835
47.72886879939013,81.12662841364829,0.3,4.18728820927879
86.1523896370425,15.051065381762811,0.3,1.3183442125975287
21.51530928501173,19.718437267322027,0.3,0.9248907928797647
86.17856034331507,5.611812268107514,0.3,0.0869173713077614
38.61599938677526,5.3540068763947275,0.3,1.3381283039027518
47.52274477098339,18.519162608035966,0.3,1.6079510906273615
22.355806928902417,24.907233239427512,0.3,3.563126931512651
42.199538225716125,20.76743795627217,0.3,5.278622028290991
8.556616166872653,88.4220514637094,0.3,1.607896568681872
65.25146833940568,1.6574158089264792,0.3,5.159650864505346
87.94743790298203,73.60859734953894,0.3,2.436487836173771
71.43718418490202,69.34993835300766,0.3,2.821572055727542
45.62443947955159,91.14835989747918,0.3,0.5948921610531305
71.00897865247582,37.68293778998927,0.3,5.883292033454884
9.586117786694054,84.8258816812228,0.3,3.902700606470048
12.07574736589448,41.941435368367365,0.3,2.83072123346865
84.54464132839156,29.761627654862888,0.3,0.43236217093134444
63.87456213385044,4.372502023048464,0.3,3.5159791102332467
49.823797975899815,93.67207029655947,0.3,5.158055488797481
56.65330038160303,84.7676221168688,0.3,3.226870795324178
2.65215480244533,59.09173334751484,0.3,1.6145364511254745
1.8667127897578772,66.45963950202561,0.3,0.4384960848240036
94.12524727751827,20.007222488468354,0.3,1.3829961094974048
86.79196068880478,57.03943512109362,0.3,1.9886285832551895
55.89574622143356,67.21790298696527,0.3,5.039062776194747
40.673706458592804,33.825205955254,0.3,3.864564567429529
19.399799023192653,22.388511971026933,0.3,2.273582746698003
28.884665263915753,74.7539815832829,0.3,0.8547932598714486
26.287465999387695,43.13399420570568,0.3,1.904109243359852
97.57187928305414,30.26754674499507,0.3,5.952843535053028
54.1295686583507,90.7323680908984,0.3,0.770336068933927
87.22483453702036,34.62219697399309,0.3,4.256779249816653
1.626799411613394,77.77705675533468,0.3,5.562825497650797
29.660338010332417,1.5417658758697497,0.3,3.518649396481209
22.7671290667554,40.085634974390395,0.3,1.1743780183441808
6.3503312345586815,33.75762602647795,0.3,4.22291228683059
47.33594686408795,6.467855966944278,0.3,1.9795338978249428
80.58032177414819,4.425194061387601,0.3,6.243230168156619
20.45276588984694,43.28825287778502,0.3,1.7266154720969975
80.4671011382235,71.30777133140425,0.3,5.556158244614644
23.549106279946837,45.063998566737325,0.3,3.649281161350976
76.79877062553207,58.71964126676186,0.3,5.000270776876233
22.567223877296826,78.17310173169031,0.3,5.864367582948759
33.18593688429259,37.95147526913191,0.3,3.4208420987387913
29.013419168561217,52.19273454117394,0.3,2.607199885842051
58.774923501589846,87.33266618233856,0.3,2.68353884536256
22.714932464987747,33.46531226628262,0.3,0.1658433599396324
44.41926327591075,31.27088460258841,0.3,5.3970557745477885
31.376629047678836,79.50183323383507,0.3,1.181974106081303
8.222965426827733,1.9257014701114847,0.3,3.806960085854224
11.44618427536093,5.637796332832998,0.3,3.1040849187544213
68.74056169970982,60.882932589983064,0.3,5.018845330395582
38.28702487262837,79.66057193002864,0.3,4.944791179033735
96.73704401323725,89.15359420665347,0.3,5.874954870561262
11.264614417763145,49.94665068692827,0.3,1.1639269666883516
47.0084735697036,89.56561379336377,0.3,6.08153801894694
53.18973105114385,39.48969570654414,0.3,1.8562931544018675
73.58468103799227,56.64158753357557,0.3,3.1814292421406
47.390631633912484,53.63521196945169,0.3,3.2259113053078696
53.924221035845896,92.12789955439537,0.3,3.816479186359594
55.54537039606948,81.87190913491901,0.3,3.9350363707770275
66.60321711906904,18.764074434077294,0.3,6.2240684415021175
8.418380437351452,93.0343112117178,0.3,5.7815188526820345
93.21211986324388,11.903496602802743,0.3,0.949585187111285
86.94186416951767,45.8467162274265,0.3,5.338139370293142
95.06446130150037,81.58364073353174,0.3,1.7261980680153381
11.062000135834126,72.74859240769315,0.3,2.771891961264189
93.75559651131633,93.41623537694109,0.3,5.164097505771216
47.615520072619354,87.72077261795634,0.3,5.949465464853516
3.607304916786673,96.65078288875725,0.3,1.8338538601347227
14.359766532835858,57.79480374413228,0.3,0.4898804260407241
4.101880975136636,34.771740418931344,0.3,1.7173688435959324
36.691423281455464,41.54163532220004,0.3,4.13588280064786
67.5670085623712,27.49118008187418,0.3,4.899393390725825
51.656446057416765,82.8896175237096,0.3,1.4991503064967322
20.908097435457485,24.19851369805988,0.3,1.7470397131049893
42.42437714448756,24.456040935152462,0.3,5.056218843177456
71.6110155779171,48.49964968400869,0.3,4.312837076808624
85.47433004742531,96.04789403901239,0.3,3.817867155868586
82.88620151889722,26.64631787760076,0.3,0.20977620439300448
61.543841326370334,73.58802701297253,0.3,1.6962807618376445
91.65792306965442,4.466279322305741,0.3,0.40005546985667856
59.609649559828206,82.87969039889649,0.3,2.47131102746305
49.38586841207663,2.1105435579902307,0.3,0.23475170254314795
91.72768420711438,45.190882776423095,0.3,5.393004640192337
80.11768014490212,56.27266783770543,0.3,2.089007965983958
65.57605390925852,93.93626567073392,0.3,5.236930327916107
66.32870361506184,42.79737095415598,0.3,0.8082699690923624
28.382236716620433,97.95547386909739,0.3,1.4691881142825387
55.45869388842524,74.26881851184334,0.3,2.543505649200085
3.086448780663024,84.98141144903441,0.3,2.4565448283321967
47.57424743404364,26.369095326232358,0.3,5.121637893182193
23.824700770115385,9.550038182566478,0.3,4.960947633761594
19.512697153875784,48.81927009365616,0.3,1.6967904390424955
88.49582883627343,50.207323342897524,0.3,1.1475257277821334
2.130825842505513,15.370693273275304,0.3,5.028363671401255
3.340378182753622,72.243605736059,0.3,2.766922244787959
15.649041272702823,66.42291038422483,0.3,2.83548594936445
9.094956379875129,5.927325545140438,0.3,1.736887118922834
35.31502404274144,80.8913606711714,0.3,1.8347668740633751
47.318367890114764,86.7514238611105,0.3,1.627268279033402
71.54519706128177,60.29141955553545,0.3,5.2434311485731175
9.84676292888762,42.91281678375549,0.3,4.672332970653791
77.04096127022481,6.6689156593538215,0.3,2.0444669716147685
51.763824943982435,54.26986245821608,0.3,2.9855282118583104
3.2752818803693096,68.1967078667863,0.3,3.5242816036731686
45.04638538150819,59.892448453797876,0.3,5.833993593966271
94.63872185517157,84.08767862176352,0.3,5.1464388695578425
44.27281551069537,26.359557966731696,0.3,4.357056921839016
21.33847752591281,86.59277181132663,0.3,2.273604101086677
95.42317325403806,84.80273989022723,0.3,0.8813684507735219
96.24820883251263,17.834026966271637,0.3,2.3495399716257
97.53429501045217,1.3123431052192327,0.3,2.0704028170011757
89.86335405482177,59.44146722290109,0.3,0.9233999716261557
86.4990803079489,5.683228532187096,0.3,4.929589938490846
96.232645302531,63.02986728533618,0.3,0.9221174739838274
27.993149634458923,52.66845069974254,0.3,4.140693044483799
54.300946330659336,91.05304303033618,0.3,0.08602826718301838
33.62431577059391,31.05288473164694,0.3,3.036377612337827
8.139059812890055,23.70246951251699,0.3,1.408133071803334
23.498700600761037,97.32343320063485,0.3,5.244415327099834
22.76487182740469,93.95373025689275,0.3,5.132809361270534
51.295566111046604,36.76780840423136,0.3,5.4089976724737765
92.76230573165701,76.22027249421507,0.3,4.452176654190301
31.042076534907213,69.75286951700902,0.3,2.2454321700722626
50.61805834404486,9.800065831902995,0.3,2.6315841388234875
64.40520186266426,78.69078465948546,0.3,4.146803498934906
39.75435203125101,17.899222503449394,0.3,5.527391745287023
65.94222224192141,23.37877305394534,0.3,5.736031291977069
57.48277455417934,6.420509811610453,0.3,1.8140438872113998
1.7738827748486845,77.90990285723531,0.3,5.814963290808308
91.69317666501345,26.981285252441204,0.3,2.0069459216119814
9.132401786673189,55.22324969209108,0.3,1.2678649970161062
14.236393321194841,30.271539811978556,0.3,3.3378102512690107
7.234227915400222,20.50323130225005,0.3,1.1743814001726918
63.41919260982729,4.1502213567230495,0.3,4.609970709611526
72.88645655445474,92.93887932786154,0.3,0.612412662750354
53.07254566928098,45.809634616024255,0.3,3.916271502215126
39.00036933453922,43.123668764807874,0.3,1.2282831779256511
28.771478147841826,35.142197892877384,0.3,3.088812635075299
79.28193252878796,49.152200561507385,0.3,1.5579447218104008
65.46597044840749,46.3604115504712,0.3,3.2174072709425574
13.528701594523698,15.626871716819858,0.3,2.112128346395544
8.160163629350958,33.040268612788914,0.3,1.3067909015031263
28.882602997819962,85.72166582756273,0.3,0.10310394296711985
95.84799579219148,40.58881795094223,0.3,3.562117129923723
35.454888454025294,19.3456956885287,0.3,5.117115088064177
5.448136184748876,48.559788857821836,0.3,4.509467043449791
13.677924449818505,27.008814364700175,0.3,4.545594034672898
63.3547413314261,22.434165661814955,0.3,6.061434402866742
32.1122035621096,38.198377407291865,0.3,3.211130192693346
16.816460730379198,82.56153945365293,0.3,1.8008645298316661
50.28054860531331,29.810870630529916,0.3,4.152489059321547
7.977072646581418,37.728584689631354,0.3,4.417044780022624
97.15858389245216,6.873610794534078,0.3,1.8344759401742445
64.40056083239065,67.07761157749025,0.3,5.70123308810199
97.04404368259836,48.36689585402399,0.3,2.2418299321609254
69.46025046393764,12.685218821366313,0.3,6.013922459985015
66.58599973298774,38.8845381459488,0.3,1.7490028417530086
90.25953504711828,49.05980158434916,0.3,2.7286868376950815
62.864018142568185,15.84254719198704,0.3,3.449258371951516
30.430906000857565,93.93765012362024,0.3,4.130301802869335
90.11690151112441,95.78754607466726,0.3,3.7055645968624695
96.28449777281841,96.31093114522321,0.3,4.889199761935021
62.465940211350116,95.59126474198811,0.3,0.2657351883996338
83.1200178961806,7.002913262917491,0.3,1.0856782778308058
21.768416563479036,72.94174103016249,0.3,1.9987148907906176
7.6635790345941635,70.83436353070364,0.3,0.36665224444101857
43.462419682155925,32.48515483475432,0.3,4.354654826360547
59.72872215883334,9.368289340599118,0.3,3.514956570706876
2.1522189725350973,82.00125200576021,0.3,3.1011508231660514
28.566793266895726,5.491526708928728,0.3,4.167465360033242
84.73288371128706,58.807261883648415,0.3,5.0010948427701
83.8431230235878,36.95005441965258,0.3,0.51992208640649
71.93593446302773,64.46372033434032,0.3,5.093628263301384
35.21304573097936,46.374476572534306,0.3,6.248977096835027
85.75600578090922,89.73179790593805,0.3,1.8385685422638072
7.520784886194257,25.552932327764875,0.3,3.8824271721033417
87.88741606664914,78.13279241774188,0.3,3.499679324162538
53.45635502236499,76.72090380913087,0.3,5.96194069307691
21.538515359309827,47.68481969557793,0.3,5.86831649035951
77.6528429377199,56.26574719942986,0.3,2.5262797955452054
40.09858478283512,29.6181462983106,0.3,5.132443691973999
44.59592212449667,28.18483590501841,0.3,2.8373346989271515
14.08828807653939,95.26759210083367,0.3,5.406764719154757
24.927064991064068,46.887546754563694,0.3,1.6520390252562693
33.76261313986522,6.049608462635895,0.3,4.5172810946121915
82.83168608788729,24.014049519066432,0.3,2.31691426813088
17.425298137261464,7.21515190132244,0.3,0.747631327720588
1.2166107732738458,2.413368056168868,0.3,4.556717891376671
45.76243929949418,91.69185488797125,0.3,4.534212643388238
2.5271337441863277,33.56475169327222,0.3,1.8590176062462713
84.90169813748464,31.151772508596178,0.3,3.910567017956276
64.85761748356057,90.40085452445578,0.3,5.529637936245866
59.66985473909381,83.93898662376493,0.3,4.33087960703136
10.313202941771575,42.4938087854465,0.3,2.6018176850570165
86.69613586833061,42.58152627918131,0.3,2.923527641546485
74.67702202721861,71.85665134253098,0.3,1.0486190503701525
81.8164972521586,93.64500446120876,0.3,0.03929147046999779
96.79537243267742,34.86521712340694,0.3,1.2380734733325547
22.394383595724115,37.0938552448923,0.3,2.2761410811901315
49.74489320565572,96.34403974621443,0.3,3.497741697509798
76.14132377488718,44.227796002085626,0.3,5.694693787241525
30.455803849375425,36.51181021440004,0.3,3.248179180013398
40.46798508098837,24.071973059956427,0.3,3.2907555250000553
71.73484630655935,19.778577821759068,0.3,3.3069480034739196
25.653923709436484,53.637097919803686,0.3,2.5014348465516965
93.66616262862415,7.5963224460825245,0.3,0.7445723709946126
81.42487620064293,29.642239408274033,0.3,1.348743428761114
46.39096383379178,16.397074481580653,0.3,4.118277514010607
2.091973447088324,64.2578172335482,0.3,3.4526081683201064
53.47036163755739,84.26770399075616,0.3,5.292119562646628
62.09182177905841,59.340856144618265,0.3,5.974610712818628
51.065147126989736,70.64762775562873,0.3,4.239044728030284
69.74044275414931,51.35228341196229,0.3,5.577463022973893
20.38716560960704,42.58539957724667,0.3,3.980410882127662
86.22535359569171,2.073900264005415,0.3,6.225274814120375
10.231196068328776,47.53899173695404,0.3,6.152405469853547
65.59847192749922,95.06261930585413,0.3,3.162297792571299
87.6281418166122,90.24165219163233,0.3,4.10909483299093
58.91852107988074,80.99627620825503,0.3,0.8945089185141446
4.093560619749899,78.17159161322328,0.3,4.839002664622254
41.90918477189691,28.796821751810263,0.3,5.345910103366552
34.42712134703061,2.37214034265253,0.3,3.738068718041811
34.96064236080059,31.26363272052986,0.3,2.247416131703144
28.22895264304871,92.83511149021619,0.3,4.493536091991156
54.878599944734596,63.25588790415914,0.3,3.4796156825907136
64.99888072929446,85.69471778688252,0.3,5.210380173104823
82.02757107734136,71.51437212987597,0.3,4.65912609086034
84.5100961984162,65.96725690784676,0.3,1.8729729879634647
31.667649870944658,75.78023377168459,0.3,0.8537134937644467
70.56504666342614,73.43723618649034,0.3,5.622578366526746
2.2657928320003746,4.824842642972598,0.3,5.459409596119529
42.16887575632258,78.76347196559492,0.3,1.7146596122317832
34.56660210679293,15.64072391619057,0.3,5.48951556990571
20.16803214030422,69.43859076965356,0.3,1.325109118319668
22.024174227276475,66.62964185933943,0.3,5.383039856755166
70.97454436997441,54.19888857979155,0.3,4.411461755607362
94.28779638671148,58.64674234129483,0.3,6.13756710972422
37.15080567479455,47.79048092114636,0.3,5.37525201812846
46.3326776824808,93.93501917893825,0.3,1.389225820959251
5.352370809237329,56.87165926284221,0.3,0.3363311483262872
87.83368136499864,58.15216799098862,0.3,3.9653389249526687
73.38274035724889,73.96906432212737,0.3,3.822182657602899
49.60378257964095,68.15807621016229,0.3,0.43800726176822946
19.940473099552438,65.6920351002538,0.3,5.772724178578757
10.35459300773021,91.83038015437988,0.3,6.238336909877898
65.81213335666345,47.835667612108445,0.3,4.2020006883338645
90.6068193416048,12.764433133477798,0.3,0.25882648443074
69.34672544812837,16.488942790172853,0.3,0.6679871169775284
25.887738654591026,94.95955946740389,0.3,1.8352182096241374
77.3389826396562,58.939959206593805,0.3,2.429202936253298
62.863228969061204,69.4342702572436,0.3,1.9811339892774484
16.043217391310904,50.249217054154116,0.3,1.711810104417586
65.58074117473308,13.334893084371643,0.3,0.4344180875602682
53.14354731748888,14.279562561276414,0.3,3.1163508621927543
88.77733136954366,74.82673724866586,0.3,6.21746925847763
85.66062575853745,9.470498934138655,0.3,5.3566722761060905
67.1217576282486,32.02610741942094,0.3,2.767083036358279
21.01543519602744,71.9612875059029,0.3,6.218542734920435
30.12180281052073,78.61695381434777,0.3,1.2470628925495864
49.77289873313188,83.44641609743546,0.3,1.2361723889963678
44.63422108402996,16.83316397386885,0.3,0.6767211474286415
11.81244790367592,38.36604519018696,0.3,3.3683157568172564
51.9554888536078,22.688511141556464,0.3,3.052566621614258
31.131142381792557,6.103618493922467,0.3,5.6048835832581565
98.73377841966311,80.4703202422273,0.3,2.2205630980460196
52.34345095379644,82.85901369078924,0.3,1.889522378778378
58.03586344618417,12.298760792532043,0.3,4.7095525656280355
26.123285954340023,37.808655957293425,0.3,3.6686360237506506
67.65897557142108,93.096672095324,0.3,1.895617579248262
76.12348587677016,56.77521479207087,0.3,0.6442216031392163
60.61289846339099,24.4316665797758,0.3,0.2857503536802709
81.22492475885684,87.46702071056987,0.3,3.250945805441057
35.087262445643525,6.812192320346714,0.3,2.9598401180993608
1.3238233587081112,44.797069033180904,0.3,0.964771345175017
26.098280391623337,60.73445427457837,0.3,5.655572942027716
5.867319825220905,83.84262499077913,0.3,5.407894885939161
28.46469057877978,61.78307374672291,0.3,2.0234899983911325
6.473151962356322,44.754822488159604,0.3,0.5743137651325225
39.03372650470663,45.553254994713285,0.3,5.459822677830152
16.205060654285724,71.11685150084051,0.3,2.0316259609465344
53.46012481828258,88.79811876268822,0.3,4.887224366927374
7.400760021849116,48.9472331411848,0.3,6.144908454891331
67.67686945681729,89.27539090885166,0.3,0.8044871928486399
90.3221282943264,54.27374239908939,0.3,3.2085545378305307
15.398215349065746,19.561210576446776,0.3,5.742023652944402
55.623114749197214,57.16339381061883,0.3,6.265021842724356
78.54788347115567,27.59188646015845,0.3,2.475434004784748
34.09237645808757,20.51313553040216,0.3,1.7006100599696474
23.79087252545582,62.977529439568606,0.3,0.513546293960655
62.878360808074014,4.500787489985358,0.3,1.3004035522889503
31.607168701030346,94.80464907322401,0.3,5.390940900210317
95.68031892299217,10.18642049285473,0.3,5.501864359136266
17.946111645486848,3.786048053357937,0.3,1.8822900342493014
79.87515141498886,17.049334289498173,0.3,2.884736611610816
91.55930366474007,8.691172016462808,0.3,1.3500492476921562
52.64812338317621,43.60328288841198,0.3,0.4248760006529132
48.992651062331994,10.153138345639636,0.3,1.127095632495948
33.85421497273392,45.24671276351678,0.3,5.3762420720578135
39.038774861808356,84.51939178759496,0.3,4.718517064161944
9.372904837641215,30.616919300441324,0.3,2.6094454903538407
3.5259980326019216,16.286271635050618,0.3,2.5187419556982995
76.63553092626069,52.40417646831277,0.3,3.726576857192237
25.02484087085971,93.79787793335616,0.3,3.3770562899214878
95.49216624977024,54.81144853157567,0.3,5.79954420377366
79.89521769541479,86.00156428098174,0.3,0.7107110117023856
23.71884705159236,80.69588067800858,0.3,2.7434897184385982
68.37063350189193,29.04678965819943,0.3,2.874250746198831
68.10969172886172,30.29612724128577,0.3,5.1650774346600885
22.483439698960517,19.120307381670152,0.3,4.234259804168098
5.698493367955105,60.3884418771239,0.3,4.80857096771286
35.57815795635848,51.21094979776719,0.3,2.4128329608261057
67.5921549177184,12.203566069610313,0.3,1.215277796144249
57.12261432842057,13.011286534954133,0.3,2.4623219815748434
52.39493394133238,77.07367944240423,0.3,5.353184979186081
35.771267497291426,39.95478879856181,0.3,4.134675418610239
83.77747500023489,3.5769980018728784,0.3,1.050800637481623
90.46054710487216,32.476918692748804,0.3,3.9858524791179626
36.90176561149588,66.63022091555776,0.3,1.6115549551821133
71.25070948007159,58.19116303948156,0.3,4.002037803103149
12.441295590748535,87.1635022359634,0.3,4.870321669690987
49.82386754857608,23.720430991919095,0.3,0.08339185882262456
12.92826427782905,39.49726029139042,0.3,4.492868942532886
17.65772758753956,28.528400886834106,0.3,0.09877315384301746
88.03057421876886,36.66296869096806,0.3,0.8708445799214919
16.86601095528014,33.49343929790119,0.3,2.68544179623996
53.016044720355495,59.53272973606185,0.3,3.727424404776374
21.241351056965563,93.03604085178202,0.3,6.2785099817603065
11.686014193244494,77.70242887334047,0.3,5.744966106812281
47.15277790433423,97.36591475961457,0.3,4.303558665923874
68.01559741463613,77.23279989596095,0.3,2.8638217983507874
42.92401392647917,55.61560949913221,0.3,4.163313294050031
11.653491248729827,50.631566544496465,0.3,0.1689276353553961
59.85137622798154,79.63720380140212,0.3,1.8710279522706135
9.495215589589368,59.85219437739697,0.3,5.732124171488802
19.498536883646025,65.75718422999667,0.3,4.8029506043387
28.75749776818955,55.885701183249914,0.3,2.469847310669456
69.77127936122656,82.66788107415475,0.3,2.1518719625230767
